512 10 1.17 1.50E-02
1024 10 2.60 2.14E-02
1536 10 1.12 2.36E-02
2048 10 1.86 2.62E-02
2560 10 1.62 2.86E-02
3072 10 1.93 3.23E-02
3584 10 1.60 3.60E-02
4096 10 1.48 3.90E-02
4608 10 1.26 4.13E-02
5120 10 1.50 4.35E-02
5632 10 1.00 4.54E-02
6144 10 1.19 4.65E-02
6656 10 1.03 4.72E-02
7168 10 1.03 4.81E-02
7680 10 1.10 4.89E-02
8192 10 1.03 4.97E-02
8704 10 1.03 5.04E-02
9216 10 1.05 5.12E-02
9728 10 1.05 5.23E-02
10240 10 1.19 5.42E-02
10752 10 1.38 5.55E-02
11264 10 1.74 5.74E-02
11776 10 0.98 6.00E-02
12288 10 0.98 6.06E-02
12800 10 0.95 6.11E-02
13312 10 0.93 6.17E-02
13824 10 0.98 6.22E-02
14336 10 1.00 6.29E-02
14848 10 1.41 1.29E-01
15360 10 1.86 1.29E-01
15872 10 0.91 1.29E-01
16384 10 0.98 1.30E-01
